

namespace Constants {

    uint8_t StanceToImageXRefFX[] = {
        0,     
        126,   109,   110,                                                                                                                  // CROUCH_SEQ
        1,     2,     3,     4,     5,     6,                                                                                               // RUN_START_SEQ
        7,     8,     9,     10,    11,    12,    13,    14,                                                                                // RUN_REPEAT_SEQ
        15,                                                                                                                                 // UPRIGHT_SEQ
        16,    17,    18,    19,    20,    21,    22,    23,    24,    25,    26,                                                           // RUNNING_JUMP_SEQ
        20,    21,    22,    23,    24,    25,    26,                                                                                       // RUNNING_JUMP_SHORT_SEQ
        27,    28,    29,    30,    31,                                                                                                     // STANDING_TURN_SEQ
        32,    33,    34,    35,    36,    37,    38,    39,    40,    41,    42,    43,    44,                                             // RUNNING_TURN_SEQ
        45,    46,    47,    48,    49,    50,    51,    52,    53,    54,    55,    56,    57,    58,    59,    60,    61,    62,          // STANDING_JUMP_SEQ
        45,    46,    47,    48,    49,    50,    51,    52,    55,    56,    57,    58,    59,    60,    61,    62,                        // STANDING_JUMP_MED_SEQ
        45,    46,    47,    48,    49,    50,    51,    52,    55,    56,    57,    58,    59,    60,    61,    62,                        // STANDING_JUMP_SHORT_2_SEQ
        45,    46,    47,    48,    49,    50,    51,    52,    53,    54,    121,   122,   123,   124,   125,   126,                       // STANDING_JUMP_DROPLVL_SEQ
        63,    64,    65,    66,    71,    72,    73,    74,                                                                                // SINGLE_STEP_SEQ
        5,     4,     3,     2,     1,                                                                                                      // STOPPING_SEQ
        75,    76,    77,    78,    79,    80,    81,    82,    83,    84,    85,    86,    87,    88,    89,                               // CLIMBING_SEQ
        63,    64,    65,    72,    73,    74,                                                                                              // SMALL_STEP_SEQ
        90,    91,    92,    93,    94,    95,    96,    97,    98,    99,    100,   101,   102,   103,                                     // JUMP_UP_A_SEQ
        90,    91,    92,    93,    94,    95,    96,    97,    98,    99,    100,   101,   102,   103,                                     // JUMP_UP_B_SEQ
        104,   105,   106,   107,   108,                                                                                                    // JUMP_UP_DROP_A_SEQ
        104,   105,   106,   107,   108,                                                                                                    // JUMP_UP_DROP_B_SEQ
        104,   105,   106,   107,   108,                                                                                                    // JUMP_UP_DROP_C_SEQ
        75,    76,    77,    78,    79,    80,    81,    82,    83,    84,    85,    86,    87,    88,    89,                               // STEP_CLIMBING_SEQ
        109,   110,   111,   112,   113,   114,   115,   116,   117,   118,   119,   120,                                                   // CROUCH_STAND_SEQ
        110,   111,   112,   113,   112,   111,   110,                                                                                      // CROUCH_HOP_SEQ
        75,    76,    77,    78,    79,    78,    77,    76,    75,                                                                         // STEP_CLIMBINB_BLOCK_SEQ
        127,   128,   129,   130,   131,   132,   133,   134,   135,   136,   137,   138,   139,   140,   141,                              // DRINK_TONIC_SMALL_SEQ
        127,   128,   129,   130,   131,   132,   133,   134,   135,   136,   137,   138,   139,   140,   141,                              // DRINK_TONIC_LARGE_SEQ
        127,   128,   129,   130,   131,   132,   133,   134,   135,   136,   137,   138,   139,   140,   141,                              // DRINK_TONIC_POISON_SEQ
        127,   128,   129,   130,   131,   132,   133,   134,   135,   136,   137,   138,   139,   140,   141,                              // DRINK_TONIC_FLOAT_SEQ
        125,   126,                                                                                                                         // FALLING_INJURED_SEQ
        125,   126,   142,                                                                                                                  // FALLING_DEAD_SEQ
        14,                                                                                                                                 // RUN_REPEAT_8_END_SEQ
        143,   144,   145,   145,   145,   146,   147,   148,   149,   150,   151,   152,   153,   154,   155,   156,                       // PICKUP_SWORD_SEQ
        121,   122,   123,   124,   125,   126,                                                                                             // FALLING_STEPWALKRUN_P0_4_8_SEQ
        121,   122,   123,   124,   125,   126,                                                                                             // FALLING_STEPWALKRUN_P1_5_9_SEQ
        121,   122,   123,   124,   125,   126,                                                                                             // FALLING_STEPWALKRUN_P2_6_10_SEQ
        121,   122,   123,   124,   125,   126,                                                                                             // FALLING_STEPWALKRUN_P3_7_11_SEQ
        125,   125,   125,   125,   125,   125,                                                                                             // FALLING_DOWN_P2_SEQ    
        125,   125,   125,   125,   125,   125,                                                                                             // FALLING_DOWN_P1_SEQ    
        125,   125,   125,   125,   125,   125,                                                                                             // FALLING_DOWN_P0_SEQ
        125,   125,   125,   125,   125,   125,                                                                                             // FALLING_DOWN_M1_SEQ    
        125,   125,   125,   125,   125,   125,                                                                                             // FALLING_DOWN_M2_SEQ    
        157,   158,   159,   160,   161,   162,   163,   164,   165,   166,   167,   168,   168,   0,                                       // LEAVE_GATE_SEQ
        126,   126,   126,   126,   126,                                                                                                    // COLLIDE_WALL_SEQ
        125,   125,   125,   125,   125,   125,                                                                                             // VER_ADJUSTMENTS_SEQ    
        19,    20,    21,    22,    23,    24,    25,    26,    121,   122,   123,   124,   125,   126,                                     // RUNNING_JUMP_4_DROPLVL_SEQ
        19,    20,    21,    22,    23,    24,    25,    26,    121,   122,   123,   124,   125,   126,                                     // RUNNING_JUMP_3_DROPLVL_SEQ
        20,    21,    22,    23,    169,   24,    25,    26,                                                                                // RUNNING_JUMP_3_SAMELVL_SEQ
        20,    21,    22,    23,    169,   24,    25,    26,                                                                                // RUNNING_JUMP_3_SAMELVL_SHORT_SEQ
        174,                                                                                                                                // SWORD_NORMAL_SEQ
        175,   176,   177,   178,   179,   180,                                                                                             // DRAW_SWORD_SEQ
        181,   182,   183,                                                                                                                  // SWORD_STEP_SEQ
        186,   187,   188,   189,   190,   191,   192,   193,                                                                               // SWORD_ATTACK_SEQ
        194,   195,   194,                                                                                                                  // ATTACK_BLOCK_SEQ
        126,   142,                                                                                                                         // FALLING_DEAD_BLADE_SEQ
        15,    15,    15,    15,    15,    15,    15,    15,                                                                                // DELAY_SEQ
        125,   125,   125,   125,   125,   103,                                                                                             // STRAIGHT_DROP_HANGON_SEQ
        45,    46,    47,    48,    49,    50,    51,    52,    53,    54,    121,   122,   123,   124,   125,   101,   102,   103,         // STANDING_JUMP_GL_2_SEQ
        45,    46,    47,    48,    49,    50,    51,    52,    53,    54,    121,   122,   123,   124,   125,   101,   102,   103,         // STANDING_JUMP_GL_3_SEQ
        45,    46,    47,    48,    49,    50,    51,    52,    55,    56,    57,    58,    59,    60,    61,    62,                        // STANDING_JUMP_SHORT_6_SEQ   
        45,    46,    47,    48,    49,    50,    51,    52,    55,    56,    57,    58,    59,    60,    61,    62,                        // STANDING_JUMP_SHORT_10_SEQ 
        45,    46,    47,    48,    49,    50,    51,    52,    53,    54,    121,   122,   123,   124,   125,   101,   102,   103,         // STANDING_JUMP_SHORT_GL_6_SEQ
        45,    46,    47,    48,    49,    50,    51,    52,    53,    54,    121,   122,   123,   124,   125,   101,   102,   103,         // STANDING_JUMP_SHORT_GL_10_SEQ
        45,    46,    47,    48,    49,    50,    51,    52,    53,    54,    121,   122,   123,   124,   125,   126,                       // STANDING_JUMP_DROPLVL_POS2_SEQ
        20,    21,    22,    23,    169,   24,    25,    26,                                                                                // RUNNING_JUMP_4_SAMELVL_SEQ

    };

    int8_t Stance_XYOffsetsFX[] = {
        0,0,   0,0,   0,0,                                                                                                                  // CROUCH_OFFSETS
        0,0,   1,0,   1,0,   1,0,   2,0,   2,0,                                                                                             // RUN_START_OFFSETS
        3,0,   3,0,   3,0,   3,0,   3,0,   3,0,   3,0,   3,0,                                                                               // RUN_REPEAT_OFFSETS
        0,0,                                                                                                                                // UPRIGHT_OFFSETS
        2,0,   3,0,   4,0,   4,0,   5,0,   6,0,   6,0,   6,-2,  5,0,   3,1,   2,1,                                                          // RUNNING_JUMP_OFFSETS
        6,0,   6,0,   6,0,   6,-2,  6,-2,  5,3,   2,1,                                                                                      // RUNNING_JUMP_SHORT_OFFSETS
        0,0,   -1,0,  -1,0,  2,0,   0,0,                                                                                                    // STANDING_TURN_OFFSETS
        0,0,   3,0,   -3,0,  -1,0,  1,0,   0,0,   0,0,   0,0,   0,0,   0,0,   -1,0,  1,0,   0,0,                                            // RUNNING_TURN_OFFSETS
        0,0,   0,0,   2,0,   2,0,   2,0,   2,0,   2,0,   3,0,   3,0,   3,0,   3,0,   4,0,   2,0,   2,0,   2,0,   2,0,   1,0,   1,0,         // STANDING_JUMP_OFFSETS
        0,0,   0,0,   2,0,   2,0,   2,0,   3,0,   3,0,   3,0,   3,0,   3,0,   3,0,   2,0,   2,0,   0,0,   0,0,   0,0,                       // STANDING_JUMP_MED_OFFSETS
        0,0,   0,0,   2,0,   2,0,   2,0,   2,0,   1,0,   2,0,   2,0,   3,0,   3,0,   2,0,   1,0,   1,0,   1,0,   0,0,                       // STANDING_JUMP_SHORT_OFFSETS
        0,0,   0,0,   2,0,   2,0,   2,0,   2,0,   3,0,   3,0,   2,0,   2,0,   6,6,   3,5,   3,5,   3,5,   2,5,   1,5,                       // STANDING_JUMP_DROPLVL_OFFSETS
        1,0,   1,0,   1,0,   1,0,   1,0,   1,0,   1,0,   1,0,                                                                               // SINGLE_STEP_OFFSETS
        0,0,   0,0,   0,0,   0,0,   0,0,                                                                                                    // STOPPING_OFFSETS
        0,0,   0,0,   0,0,   -1,-1, 0,0,   0,0,   0,0,   0,0,   1,0,   0,0,   1,0,   0,0,   0,0,   0,0,   0,0,                              // CLIMBING_OFFSETS
        1,0,   1,0,   1,0,   1,0,   0,0,   0,0,                                                                                             // SMALL_STEP_OFFSETS
        0,0,   0,0,   0,0,   -1,0,  -1,0,  0,0,   0,0,   0,0,   0,0,   1,0,   1,0,   0,0,   0,0,   0,0,                                     // JUMP_UP_A_OFFSETS
        0,0,   0,0,   0,0,   0,0,   0,0,   0,0,   0,0,   0,0,   0,0,   -1,0,  -1,0,  -1,0,  -1,0,  0,0,                                     // JUMP_UP_B_OFFSETS
        0,0,   0,0,   0,0,   0,0,   0,0,                                                                                                    // JUMP_UP_DROP_A_OFFSETS
        1,0,   1,0,   1,0,   1,0,   0,0,                                                                                                    // JUMP_UP_DROP_B_OFFSETS
        0,6,   0,6,   0,6,   0,6,   0,7,                                                                                                    // JUMP_UP_DROP_C_OFFSETS
        0,-4,  0,-4,  0,-2,  0,-3,  0,-3,  0,-3,  0,-4,  0,-4,  0,-1,  1,-1,  1,0,   0,-1,  1,-1,  1,0,   0,0,                              // STEP_CLIMBING_OFFSETS
        0,0,   0,0,   0,0,   0,0,   0,0,   0,0,   0,0,   0,0,   0,0,   0,0,   0,0,   0,0,                                                   // CROUCH_STAND_OFFSETS
        0,0,   1,0,   1,0,   1,0,   1,0,   0,0,   0,0,                                                                                      // CROUCH_HOP_OFFSETS
        0,-4,  0,-4,  0,-2,  0,-3,  0,0,   0,3,   0,2,   0,4,   0,4,                                                                        // STEP_CLIMBINB_BLOCK_OFFSETS
        0,0,   0,0,   0,0,   0,0,   0,0,   0,0,   0,0,   0,0,   0,0,   0,0,   0,0,   0,0,   0,0,   0,0,   0,0,                              // DRINK_TONIC_SMALL_OFFSETS
        0,0,   0,0,   0,0,   0,0,   0,0,   0,0,   0,0,   0,0,   0,0,   0,0,   0,0,   0,0,   0,0,   0,0,   0,0,                              // DRINK_TONIC_LARGE_OFFSETS
        0,0,   0,0,   0,0,   0,0,   0,0,   0,0,   0,0,   0,0,   0,0,   0,0,   0,0,   0,0,   0,0,   0,0,   0,0,                              // DRINK_TONIC_POISON_OFFSETS
        0,0,   0,0,   0,0,   0,0,   0,0,   0,0,   0,0,   0,0,   0,0,   0,0,   0,0,   0,0,   0,0,   0,0,   0,0,                              // DRINK_TONIC_FLOAT_OFFSETS
        0,0,   0,0,                                                                                                                         // FALLING_INJURED_OFFSETS
        0,0,   0,0,   0,0,                                                                                                                  // FALLING_DEAD_OFFSETS
        4,0,                                                                                                                                // RUN_REPEAT_8_END_OFFSETS
        0,0,   0,0,   0,0,   0,0,   0,0,   0,0,   0,0,   0,0,   0,0,   0,0,   0,0,   0,0,   0,0,   0,0,   0,0,   0,0,                       // PICKUP_SWORD_OFFSETS
        2,6,   2,5,   1,5,   1,5,   0,5,   0,5,                                                                                             // FALLING_STEPWALKRUN_P0_4_8_OFFSETS
        2,6,   2,5,   2,5,   1,5,   0,5,   0,5,                                                                                             // FALLING_STEPWALKRUN_P1_5_9_OFFSETS
        2,6,   2,5,   2,5,   1,5,   1,5,   0,5,                                                                                             // FALLING_STEPWALKRUN_P2_6_10_OFFSETS
        2,6,   2,5,   2,5,   2,5,   1,5,   0,5,                                                                                             // FALLING_STEPWALKRUN_P3_7_11_OFFSETS
        0,6,   1,5,   0,5,   1,5,   0,5,   0,5,                                                                                             // FALLING_DOWN_P2_OFFSETS
        0,6,   0,5,   0,5,   1,5,   0,5,   0,5,                                                                                             // FALLING_DOWN_P1_OFFSETS
        0,6,   0,5,   0,5,   0,5,   0,5,   0,5,                                                                                             // FALLING_DOWN_P0_OFFSETS
        0,6,   0,5,   -1,5,  0,5,   0,5,   0,5,                                                                                             // FALLING_DOWN_M1_OFFSETS
        0,6,   -1,5,  0,5,   -1,5,  0,5,   0,5,                                                                                             // FALLING_DOWN_M2_OFFSETS
        0,0,   1,0,   2,-1,  2,-1,  2,-1,  1,-1,  1,-1,  1,-1,  1,-1,  1,-1,  1,-2,  0,-3,  0,0,   0,0,                                     // LEAVE_GATE_OFFSETS
        2,0,   1,0,   0,0,   -1,0,  -2,0,                                                                                                   // COLLIDE_WALL_OFFSETS
        0,1,   0,2,   0,3,   0,4,   0,5,   0,6,                                                                                             // VER_ADJUSTMENTS_OFFSETS       
        3,0,   3,0,   4,0,   4,0,   5,-2,  5,-1,  6,3,   6,2,   7,5,   4,5,   3,5,   3,5,   3,5,   2,5,                                     // RUNNING_JUMP_4_DROPLVL_OFFSETS
        3,0,   3,0,   3,0,   3,0,   4,-2,  4,-1,  4,3,   4,2,   4,4,   4,5,   3,5,   2,5,   2,5,   2,5,                                     // RUNNING_JUMP_3_DROPLVL_OFFSETS
        5,0,   6,0,   6,0,   7,-2,  7,0,   6,-2,  4,3,   2,1,                                                                               // RUNNING_JUMP_3_SAMELVL_OFFSETS
        5,0,   6,0,   6,0,   7,-2,  6,0,   5,-2,  3,3,   1,1,                                                                               // RUNNING_JUMP_3_SAMELVL_SHORT_OFFSETS
        0,0,                                                                                                                                // SWORD_NORMAL_OFFSETS
        0,0,   0,0,   0,0,   0,0,   0,0,   0,0,                                                                                             // DRAW_SWORD_OFFSETS
        3,0,   1,0,   0,0,                                                                                                                  // SWORD_STEP_OFFSETS
        2,0,   1,0,   2,0,   2,0,   -3,0,  -3,0,  -1,0,  0,0,                                                                               // SWORD_ATTACK_OFFSETS
        0,0,   1,0,   -1,0,                                                                                                                 // ATTACK_BLOCK_OFFSETS
        0,0,   0,0,                                                                                                                         // FALLING_DEAD_BLADE_OFFSETS
        0,0,   0,0,   0,0,   0,0,   0,0,   0,0,   0,0,   0,0,                                                                               // DELAY_OFFSETS
        0,6,   0,6,   0,6,   0,6,   0,7,   0,7,                                                                                             // STRAIGHT_DROP_HANGON_OFFSETS
        0,0,   0,0,   2,0,   2,0,   2,0,   2,0,   2,0,   3,0,   3,1,   3,1,   7,3,   3,4,   2,4,   1,4,   1,4,   1,4,   1,3,   1,3,         // STANDING_JUMP_GL_2_OFFSETS
        0,0,   0,0,   2,0,   2,0,   2,0,   2,0,   2,0,   3,0,   4,1,   4,1,   8,3,   4,4,   2,4,   1,4,   1,4,   1,4,   1,3,   1,3,         // STANDING_JUMP_GL_6_OFFSETS
        0,0,   0,0,   2,0,   2,0,   2,0,   3,0,   2,0,   3,0,   3,0,   3,0,   3,0,   2,0,   1,0,   1,0,   1,0,   0,0,                       // STANDING_JUMP_SHORT_6_OFFSETS
        0,0,   0,0,   2,0,   2,0,   3,0,   4,0,   2,0,   3,0,   3,0,   3,0,   3,0,   3,0,   2,0,   1,0,   1,0,   0,0,                       // STANDING_JUMP_SHORT_10_OFFSETS
        0,0,   0,0,   2,0,   2,0,   2,0,   2,0,   2,0,   2,0,   3,1,   3,1,   6,3,   3,4,   1,4,   0,4,   0,4,   0,4,   0,3,   0,3,         // STANDING_JUMP_SHORT_GL_6_OFFSETS
        0,0,   0,0,   2,0,   2,0,   2,0,   2,0,   2,0,   2,0,   3,1,   4,1,   6,3,   3,4,   2,4,   1,4,   1,4,   0,4,   0,3,   0,3,         // STANDING_JUMP_SHORT_GL_10_OFFSETS
        0,0,   0,0,   2,0,   2,0,   2,0,   3,0,   4,0,   4,0,   3,0,   2,0,   6,6,   3,5,   3,5,   3,5,   2,5,   1,5,                       // STANDING_JUMP_DROPLVL_POS2_OFFSETS
        5,0,   6,0,   7,0,   9,-2,  9,0,   7,-2,  4,3,   5,1,                                                                               // RUNNING_JUMP_4_SAMELVL_OFFSETS
    };



    int8_t VertAdjustments[] = {
        1, 0, 0, 0, 0,
        2, 0, 0, 0, 0,
        3, 0, 0, 0, 0,
        4, 0, 0, 0, 0,
        5, 0, 0, 0, 0,
        6, 0, 0, 0, 0,
        3, 4, 0, 0, 0,
        4, 4, 0, 0, 0,
        4, 5, 0, 0, 0,
        5, 5, 0, 0, 0,
        5, 6, 0, 0, 0,
        6, 6, 0, 0, 0,
        4, 5, 4, 0, 0,
        5, 4, 5, 0, 0,
        5, 5, 5, 0, 0,
        5, 6, 5, 0, 0,
        6, 5, 6, 0, 0,
        6, 6, 6, 0, 0,
        5, 5, 5, 4, 0,
        5, 5, 5, 5, 0,
        6, 5, 5, 5, 0,
        6, 5, 6, 5, 0,
        6, 5, 6, 6, 0,
        6, 6, 6, 6, 0,
        5, 5, 5, 5, 5,
        6, 5, 5, 5, 5,
        5, 6, 5, 6, 5,
        6, 5, 6, 5, 6,
        6, 6, 5, 6, 6,
        6, 6, 6, 6, 6,
    };






























































    int8_t Prince_ImageDetails[] = {
        3, 2, -4,
        4, -1, -5,
        4, 0, -5,
        5, 2, -5,
        6, 2, -6,
        6, -2, -6,
        7, -1, -6,
        9, 6, 1,
        8, 5, 0,
        6, 2, -3,
        7, 2, 0,
        9, 7, 3,
        7, 6, 1,
        7, 2, -4,
        3, 1, -2,
        9, 8, 2,
        7, 0, -4,
        9, -5, -9,
        10, 10, 6,
        5, 1, -3,
        9, 127, 127,
        10, 127, 127,
        13, 127, 127,
        11, 127, 127,
        11, 127, 127,
        7, 127, 127,
        5, 2, -3,
        5, 1, -2,
        6, 3, -4,
        6, 3, -1,
        6, 5, 1,
        8, 8, 3,
        6, 4, -2,
        10, 10, 5,
        8, 6, 1,
        126, 126, 126,
        126, 126, 126,
        126, 126, 126,
        126, 126, 126,
        126, 126, 126,
        126, 126, 126,
        11, 10, 7,
        8, 7, 5,
        8, 7, 5,
        3, 2, -4,
        3, 1, -4,
        5, 2, -3,
        6, 0, -5,
        7, -1, -5,
        7, -2, -8,
        9, 127, 127,
        11, 127, 127,
        14, 127, 127,
        14, 127, 127,
        12, 127, 127,
        8, 5, 1,
        5, 3, -1,
        7, 5, 4,
        6, 6, 1,
        5, 5, 0,
        4, 4, -1,
        4, 4, -1,
        3, 2, -4,
        3, 2, -3,
        3, 2, -4,
        5, 5, 0,
        7, -4, -7,
        7, 6, 4,
        7, 7, 3,
        7, 7, 3,
        6, 6, 2,
        4, 4, 0,
        3, 2, -2,
        3, 2, -3,
        126, 126, 126,
        126, 126, 126,
        126, 126, 126,
        126, 126, 126,
        126, 126, 126,
        126, 126, 126,
        126, 126, 126,
        126, 126, 126,
        126, 126, 126,
        126, 126, 126,
        126, 126, 126,
        126, 126, 126,
        126, 126, 126,
        126, 126, 126,
        126, 126, 126,
        3, 2, -2,
        3, 3, -2,
        4, 3, -2,
        5, 3, -2,
        6, 4, 0,
        7, 4, 0,
        7, 4, 0,
        7, 3, -2,
        126, 126, 126,
        126, 126, 126,
        126, 126, 126,
        126, 126, 126,
        126, 126, 126,
        126, 126, 126,
        126, 126, 126,
        126, 126, 126,
        4, 2, -3,
        4, 1, -4,
        5, 1, -4,
        5, -1, -4,
        5, -2, -3,
        5, -2, -4,
        5, -2, -5,
        6, -5, -5,
        6, -3, -6,
        7, 1, -2,
        7, 3, -1,
        6, 3, -1,
        5, 2, -2,
        4, 2, -3,
        3, 3, -2,
        127, 127, 127,
        127, 127, 127,
        127, 127, 127,
        127, 127, 127,
        127, 127, 127,
        6, 1, -3,
        8, -1, -5,
        7, -1, -5,
        6, -2, -6,
        6, -2, -6,
        6, -2, -5,
        6, -2, -6,
        6, -2, -5,
        5, -1, -4,
        5, 1, -4,
        5, 2, -2,
        5, 1, -3,
        5, 2, -3,
        6, 3, -2,
        6, 4, -1,
        6, 4, -2,
        126, 126, 126,
        126, 126, 126,
        126, 126, 126,
        126, 126, 126,
        126, 126, 126,
        126, 126, 126,
        126, 126, 126,
        126, 126, 126,
        126, 126, 126,
        126, 126, 126,
        126, 126, 126,
        126, 126, 126,
        126, 126, 126,
        126, 126, 126,
        126, 126, 126,
        126, 126, 126,
        126, 126, 126,
        126, 126, 126,
        126, 126, 126,
        126, 126, 126,
        126, 126, 126,
        126, 126, 126,
        126, 126, 126,
        126, 126, 126,
        126, 126, 126,
        126, 126, 126,
        126, 126, 126,
        13, 127, 127,
        126, 126, 126,
        126, 126, 126,
        126, 126, 126,
        126, 126, 126,
        10, 5, -6,
        5, 2, -3,
        5, -1, -5,
        7, 4, -4,
        7, 5, -7,
        7, 5, -7,
        7, 5, -7,
        7, -6, -9,
        8, -7, -10,
        7, 7, 3,
        7, 6, 1,
        6, 6, 1,
        7, 6, 1,
        9, 8, 5,
        7, 6, 2,
        7, 6, 2,
        9, 8, 5,
        8, 8, 4,
        7, 7, 3,
        6, 6, 1,
        6, 5, 3,
        8, 5, 1,
    };

}
namespace_end


