
namespace CutScene {

//    int8_t Scene1[] = {
//        0, 0, 0, 0, 
//        0, 0, 0, 0, 
//        0, 0, 0, 0, 
//        0, 0, 0, 0, 
//        0, 0, 0, 0, 
//        0, 0, 0, 0, 
//        0, 0, 0, 0, 
//        0, 0, 0, 0, 
//        0, 0, 0, 0, 
//        0, 0, 0, 0, 
//        0, 0, 0, 0, 
//        0, 0, 0, 0, 
//        0, 0, 0, 0, 
//        0, 0, 0, 0, 
//        0, 0, 0, 0, 
//        0, 0, 0, 0, 
//        0, 0, 0, 0, 
//        0, 0, 0, 0, 
//        0, 0, 0, 0, 
//        0, 0, 0, 0, 
//        0, 0, 0, 0, 
//        0, 0, 0, 0, 
//        0, 0, 0, 0, 
//        0, 0, 0, 0, 
//        0, 0, 0, 0, 
//        0, 0, 0, 0, 
//        0, 0, 0, 0, 
//        0, 0, 0, 0, 
//        0, 0, 0, 0, 
//        0, 0, 0, 0, 
//        0, 0, 0, 0, 
//        0, 0, 0, 0, 
//        0, 0, 0, 0, 
//        0, 0, 0, 0, 
//        0, 0, 0, 0, 
//        0, 0, 0, 0, 
//        0, 0, 1, 0, 
//        0, 0, 1, 0, 
//        0, 0, 2, 0, 
//        0, 0, 2, 0, 
//        0, 0, 3, 0, 
//        0, 0, 3, 0, 
//        0, 0, 4, 0, 
//        0, 0, 4, 0, 
//        0, 0, 4, 0, 
//        0, 0, 4, 0, 
//        0, 0, 4, 0, 
//        0, 0, 4, 0, 
//        0, 0, 4, 0, 
//        0, 0, 4, 0, 
//        0, 0, 4, 0, 
//        0, -1, 4, 0, 
//        1, -1, 4, 0, 
//        2, -1, 4, 0, 
//        3, -1, 4, 0, 
//        4, -1, 4, 0, 
//        0, -1, 4, 0, 
//        1, -1, 4, 0, 
//        2, -1, 4, 0, 
//        3, -1, 4, 0, 
//        4, -1, 4, 0, 
//        0, -1, 4, 0, 
//        1, -1, 4, 0, 
//        2, -1, 4, 0, 
//        3, -1, 4, 0, 
//        4, -1, 4, 0, 
//        0, -1, 4, 0, 
//        1, -1, 4, 0, 
//        2, -1, 4, 0, 
//        3, -1, 4, 0, 
//        4, -1, 4, 0, 
//        0, -1, 4, 0, 
//        1, -1, 4, 0, 
//        2, -1, 4, 0, 
//        3, -1, 4, 0, 
//        4, -1, 4, 0, 
//        0, -1, 4, 0, 
//        1, -1, 4, 0, 
//        2, -1, 4, 0, 
//        3, -1, 4, 0, 
//        4, -1, 4, 0, 
//        0, -1, 4, 0, 
//        1, -1, 4, 0, 
//        2, -1, 4, 0, 
//        3, -1, 4, 0, 
//        4, -1, 4, 0, 
//        0, -1, 4, 0, 
//        1, -1, 4, 0, 
//        2, -1, 4, 0, 
//        3, -1, 4, 0, 
//        4, -1, 4, 0, 
//        0, -1, 4, 0, 
//        1, -1, 4, 0, 
//        2, -1, 4, 0, 
//        3, -1, 4, 0, 
//        4, -1, 4, 0, 
//        0, -1, 4, 0, 
//        1, -1, 4, 0, 
//        2, -1, 4, 0, 
//        3, -1, 4, 0, 
//        4, -1, 4, 0, 
//        0, -1, 4, 0, 
//        1, -1, 4, 0, 
//        2, -1, 4, 0, 
//        3, -1, 4, 0, 
//        4, -1, 4, 0, 
//        0, -1, 4, 0, 
//        1, -1, 4, 0, 
//        2, -1, 4, 0, 
//        3, -1, 4, 0, 
//        4, -1, 4, 0, 
//        0, -1, 4, 0, 
//        1, -1, 4, 0, 
//        2, -1, 4, 0, 
//        3, -1, 4, 0, 
//        4, -1, 4, 0, 
//        0, -1, 4, 0, 
//        1, -1, 4, 0, 
//        2, -1, 4, 0, 
//        3, -1, 4, 0, 
//        4, -1, 4, 0, 
//        0, -1, 4, 0, 
//        1, -1, 4, 0, 
//        2, -1, 4, 0, 
//        3, -1, 4, 0, 
//        4, -1, 4, 0, 
//        5, 0, 4, 0, 
//        5, 0, 4, 0, 
//        5, 0, 4, 0, 
//        5, 0, 4, 0, 
//        5, 0, 4, 0, 
//        5, 0, 4, 0, 
//        5, 0, 4, 0, 
//        5, 0, 4, 0, 
//        5, 0, 4, 0, 
//        5, 0, 4, 0, 
//        5, 0, 4, 0, 
//        5, 0, 4, 0, 
//        5, 0, 4, 0, 
//        5, 0, 4, 0, 
//        5, 0, 4, 0, 
//        5, 0, 4, 0, 
//        6, -1, 4, 0, 
//        6, 0, 4, 0, 
//        6, 0, 4, 0, 
//        7, 0, 4, 0, 
//        7, 0, 5, -1, 
//        7, 0, 5, 0, 
//        8, 0, 6, -1, 
//        8, 0, 6, 0, 
//        8, 0, 7, -1, 
//        8, 0, 7, 0, 
//        8, 0, 8, -1, 
//        8, 0, 8, 0, 
//        8, 0, 8, 0, 
//        8, 0, 8, 0, 
//        8, 0, 8, 0, 
//        8, 0, 8, 0, 
//        8, 0, 8, 0, 
//        8, 0, 8, 0, 
//        8, 0, 8, 0, 
//        8, 0, 8, 0, 
//        9, 0, 8, 0, 
//        9, 0, 8, 0, 
//        10, 0, 8, 0,  
//        10, 0, 8, 0,  
//        11, 0, 8, 0,  
//        11, 0, 8, 0,  
//        12, 0, 8, 0,  
//        12, 0, 8, 0,  
//        11, 0, 8, 0,  
//        12, 0, 8, 0,  
//        12, 0, 8, 0,  
//        11, 0, 8, 0, 
//        10, 0, 8, 0,  
//        9, 0, 8, 0, 
//        8, 0, 8, 0, 
//        7, 0, 8, 0, 
//        6, 0, 8, 0, 
//        13, 0, 8, 0, 
//        13, 0, 8, 0, 
//        13, 0, 8, 0, 
//        14, 0, 8, 0,  
//        15, 0, 8, 0,  
//        16, 0, 8, 0,  
//        17, 0, 8, 0,  
//        18, 0, 8, 0,  
//        19, 0, 8, 0, 
//        20, 1, 8, 0,  
//        21, 1, 8, 0,  
//        22, 1, 8, 0, 
//        23, 1, 8, 0, 
//        24, 1, 8, 0, 
//        25, 1, 8, 0, 
//        21, 1, 8, 0,  
//        22, 1, 8, 0, 
//        23, 1, 8, 0, 
//        24, 1, 8, 0, 
//        25, 1, 8, 0, 
//        21, 1, 8, 0,  
//        22, 1, 8, 0, 
//        23, 1, 8, 0, 
//        24, 1, 8, 0, 
//        25, 1, 8, 0, 
//        21, 1, 8, 0,  
//        22, 1, 8, 0, 
//        23, 1, 8, 0, 
//        24, 1, 8, 0, 
//        25, 1, 8, 0, 
//        21, 1, 8, 0,  
//        22, 1, 8, 0, 
//        23, 1, 8, 0, 
//        24, 1, 8, 0, 
//        25, 1, 8, 0, 
//        21, 1, 8, 0,  
//        22, 1, 8, 0, 
//        23, 1, 8, 0, 
//        24, 1, 8, 0, 
//        25, 1, 8, 0, 
//        21, 1, 8, 0,  
//        22, 1, 8, 0, 
//        23, 1, 8, 0, 
//        24, 1, 8, 0, 
//        25, 1, 8, 0, 
//        21, 1, 8, 0,  
//        22, 1, 8, 0, 
//        23, 1, 8, 0, 
//        24, 1, 8, 0, 
//        25, 1, 8, 0, 
//        21, 1, 8, 0,  
//        22, 1, 8, 0, 
//        23, 1, 8, 0, 
//        24, 1, 8, 0, 
//        25, 1, 8, 0, 
//        21, 1, 8, 0,  
//        22, 1, 8, 0, 
//        23, 1, 8, 0, 
//        24, 1, 8, 0, 
//        25, 1, 8, 0, 
//        21, 1, 8, 0,  
//        22, 1, 8, 0, 
//        23, 1, 8, 0, 
//        24, 1, 8, 0, 
//        25, 1, 8, 0, 
//        21, 1, 8, 0,  
//        22, 1, 8, 0, 
//        23, 1, 8, 0, 
//        24, 1, 8, 0, 
//        25, 1, 8, 0, 
//    };        

    int8_t Scene9[] = {
        15, 0, 0, 0, 
        15, 0, 0, 0, 
        15, 0, 0, 0, 
        15, 0, 0, 0, 
        15, 0, 0, 0, 
        15, 0, 0, 0, 
        15, 0, 0, 0, 
        15, 0, 0, 0, 
        15, 0, 0, 0, 
        15, 0, 0, 0, 
        15, 0, 0, 0, 
        15, 0, 0, 0, 
        15, 0, 0, 0, 
        15, 0, 0, 0, 
        15, 0, 0, 0, 
        15, 0, 0, 0, 
        15, 0, 0, 0, 
        15, 0, 0, 0, 
        15, 0, 0, 0, 
        15, 0, 0, 0, 
        15, 0, 0, 0, 
        15, 0, 0, 0, 
        15, 0, 0, 0, 
        15, 0, 0, 0, 
        15, 0, 0, 0, 
        15, 0, 0, 0, 
        12, -3, 0, 0, 
        14, -3, 0, 0, 
        7, 0, 0, 0, 
        8, -3, 1, 0, 
        9, -3, 1, 0, 
        10, -3, 2, 0, 
        11, -3, 2, 0, 
        12, -3, 3, 0, 
        13, -3, 3, 0, 
        12, -3, 4, 0, 
        14, -3, 4, 0, 
        7, -3, 4, 0, 
        8, -3, 4, 0, 
        9, -3, 4, 0, 
        10, -3, 4, 0, 
        11, -3, 4, 0, 
        12, -3, 4, 0, 
        13, -3, 4, 0, 
        14, -3, 11, 1, 
        7, -3, 12, 1, 
        8, -3, 13, 1, 
        9, -3, 14, 1, 
        10,-3, 15, 1, 
        11,-3, 16, 2, 
        12,-3, 17, 2, 
        13,-3, 18, 1, 
        14,-3, 19, 1, 
        5, 0, 20, 1, 
        4, 0, 21, 1, 
        3, 0, 22, 0, 
        2, 0, 23, 0, 
        1, 0, 23, 0, 
        15, 0, 23, 0,  
        15, 0, 23, 0,  
        15, 0, 23, 0,  
        170, 0, 23, 0,  
        170, 0, 23, 0,  
        171, 0, 23, 0,  
        171, 0, 23, 0,  
        172, 0, 23, 0,  
        172, 0, 23, 0,  
        173, 0, 23, 0,  
        173, 0, 23, 0,  
        173, 0, 23, 0,  
        173, 0, 23, 0,  
        173, 0, 23, 0,  
        173, 0, 23, 0,  
        173, 0, 23, 0,  
        173, 0, 23, 0,  
        173, 0, 23, 0,  
        173, 0, 23, 0,  
        173, 0, 23, 0,  
        173, 0, 23, 0,  
        173, 0, 23, 0,  
        173, 0, 23, 0,  
        173, 0, 23, 0,  
        173, 0, 23, 0,  
        173, 0, 23, 0,  
        173, 0, 23, 0,  
        173, 0, 23, 0,  
        63, -2, 23, 0,  
        64, -1, 23, 0,  
        65, -1, 23, 0,  
        72, -1, 23, 0,  
        73, 0, 23, 0,  
        74, 0, 23, 0,  
        173, 0, 23, 0,  
        173, 0, 23, 0,  
        173, 0, 23, 0,  
        173, 0, 23, 0,  
        173, 0, 23, 0,  
        173, 0, 23, 0,  
        173, 0, 23, 0,  
        173, 0, 23, 0,  
        173, 0, 23, 0,  
        173, 0, 23, 0,  
        173, 0, 23, 0,  
        173, 0, 23, 0,  
        173, 0, 23, 0,  
        173, 0, 23, 0,  
        173, 0, 23, 0,  
        173, 0, 23, 0,  
        173, 0, 23, 0,  
        173, 0, 23, 0,  
        173, 0, 23, 0,  
        173, 0, 23, 0,  
        173, 0, 23, 0,  
        173, 0, 23, 0,  
        173, 0, 23, 0,  
        173, 0, 23, 0,  
        173, 0, 23, 0,  
        173, 0, 23, 0,  
        173, 0, 23, 0,  
        173, 0, 23, 0,  
        173, 0, 23, 0,  
        173, 0, 23, 0,  
        173, 0, 23, 0,  
        173, 0, 23, 0,  
        173, 0, 23, 0,  
        173, 0, 23, 0,  
        173, 0, 23, 0,  
        173, 0, 23, 0,  
    };

}
namespace_end
