namespace Constants {

    uint8_t StanceToImageXRefFX[] = {

    0,        126, 109, 110,                                                                                                          // CROUCH_SEQ
        1, 2, 3, 4, 5, 6,                                                                                                       // RUN_START_SEQ
        7, 8, 9, 10, 11, 12, 13, 14,                                                                                            // RUN_REPEAT_SEQ
        15,                                                                                                                     // UPRIGHT_SEQ
        90, 91, 92, 93, 94, 95, 96, 97, 98, 99, 100, 101, 102, 103,                                                             // JUMP_UP_A_SEQ
        90, 91, 92, 93, 94, 95, 96, 97, 98, 99, 100, 101, 102, 103,                                                             // JUMP_UP_B_SEQ
        27, 28, 29, 30, 31,                                                                                                     // STANDING_TURN_SEQ
        32, 33, 34, 35, 36, 37, 38, 39, 40, 41, 42, 43, 44,                                                                     // RUNNING_TURN_SEQ
        45, 46, 47, 48, 49, 50, 51, 52, 53, 54, 55, 56, 57, 58, 59, 60, 61, 62,                                                 // STANDING_JUMP_36_SEQ
        45, 46, 47, 48, 49, 50, 51, 52, 55, 56, 57, 58, 59, 60, 61, 62,                                                         // STANDING_JUMP_32_SEQ
        45, 46, 47, 48, 49, 50, 51, 52, 55, 56, 57, 58, 59, 60, 61, 62,                                                         // STANDING_JUMP_28_SEQ
        45, 46, 47, 48, 49, 50, 51, 52, 55, 56, 57, 58, 59, 60, 61, 62,                                                         // STANDING_JUMP_24_SEQ
        45, 46, 47, 48, 49, 50, 51, 52, 55, 56, 57, 58, 59, 60, 61, 62,                                                         // STANDING_JUMP_20_SEQ
        45, 46, 47, 48, 49, 50, 51, 52, 53, 54, 121, 122, 123, 124, 125, 126,                                                   // STANDING_JUMP_DL_40_SEQ
        45, 46, 47, 48, 49, 50, 51, 52, 53, 54, 121, 122, 123, 124, 125, 126,                                                   // STANDING_JUMP_DL_36_SEQ
        45, 46, 47, 48, 49, 50, 51, 52, 53, 54, 121, 122, 123, 124, 125, 101, 102, 103,                                         // STANDING_JUMP_GL_40_SEQ
        45, 46, 47, 48, 49, 50, 51, 52, 53, 54, 121, 122, 123, 124, 125, 101, 102, 103,                                         // STANDING_JUMP_GL_36_SEQ
        45, 46, 47, 48, 49, 50, 51, 52, 53, 54, 121, 122, 123, 124, 125, 101, 102, 103,                                         // STANDING_JUMP_GL_32_SEQ
        45, 46, 47, 48, 49, 50, 51, 52, 53, 54, 121, 122, 123, 124, 125, 101, 102, 103,                                         // STANDING_JUMP_GL_28_SEQ
        16, 17, 18, 19, 20, 21, 22, 23, 24, 25, 26,                                                                             // RUNNING_JUMP_SEQ
        20, 21, 22, 23, 24, 25, 26,                                                                                             // RUNNING_JUMP_SHORT_2_SEQ
        20, 21, 22, 23, 24, 25, 26,                                                                                             // RUNNING_JUMP_SHORT_6_SEQ
        20, 21, 25, 26, 59, 60, 61, 62,                                                                                         // RUNNING_JUMP_1_2_SEQ
        20, 21, 23, 25, 26, 59, 60, 61, 62,                                                                                     // RUNNING_JUMP_1_6_SEQ
        20, 21, 22, 23, 25, 26, 59, 60, 61, 62,                                                                                 // RUNNING_JUMP_1_10_SEQ
        20, 21, 22, 23, 24, 25, 26,                                                                                             // RUNNING_JUMP_2_2_SEQ
        20, 21, 22, 23, 24, 25, 26,                                                                                             // RUNNING_JUMP_2_6_SEQ
        20, 21, 22, 23, 24, 25, 26,                                                                                             // RUNNING_JUMP_2_10_SEQ
        19, 20, 21, 22, 23, 24, 25, 26, 121, 122, 123, 124, 125, 126,                                                           // RUNNING_JUMP_2_DROPLVL_SEQ
        19, 20, 21, 22, 23, 24, 25, 26, 121, 122, 123, 124, 125, 126,                                                           // RUNNING_JUMP_2_DROPLVL_10_SEQ
        20, 21, 22, 23, 169, 24, 25, 26,                                                                                        // RUNNING_JUMP_3_2_SEQ
        20, 21, 22, 23, 169, 24, 25, 26,                                                                                        // RUNNING_JUMP_3_6_SEQ
        20, 21, 22, 23, 169, 24, 25, 26,                                                                                        // RUNNING_JUMP_3_10_SEQ
        19, 20, 21, 22, 23, 24, 25, 26, 121, 122, 123, 124, 125, 126,                                                           // RUNNING_JUMP_3_DROPLVL_SEQ
        19, 20, 21, 22, 23, 24, 25, 26, 121, 122, 123, 124, 125, 126,                                                           // RUNNING_JUMP_3_DROPLVL_10_SEQ
        19, 20, 21, 22, 23, 24, 25, 26, 121, 122, 123, 124, 125, 101, 102, 103,                                                 // RUNNING_JUMP_4_GL_2_SEQ
        19, 20, 21, 22, 23, 24, 25, 26, 121, 122, 123, 124, 125, 101, 102, 103,                                                 // RUNNING_JUMP_4_GL_6_SEQ
        19, 20, 21, 22, 23, 24, 25, 26, 121, 122, 123, 124, 125, 101, 102, 103,                                                 // RUNNING_JUMP_4_GL_10_SEQ
        19, 20, 21, 22, 23, 24, 25, 26, 121, 122, 123, 124, 125, 126,                                                           // RUNNING_JUMP_4_DROPLVL_SEQ
        19, 20, 21, 22, 23, 24, 25, 26, 121, 122, 123, 124, 125, 126,                                                           // RUNNING_JUMP_4_DROPLVL_10_SEQ
        63, 64, 65, 66, 71, 72, 73, 74,                                                                                         // SINGLE_STEP_SEQ
        5, 4, 3, 2, 1,                                                                                                          // STOPPING_SEQ
        75, 76, 77, 78, 79, 80, 81, 82, 83, 84, 85, 86, 87, 88, 89,                                                             // CLIMBING_SEQ
        63, 64, 65, 72, 73, 74,                                                                                                 // SMALL_STEP_SEQ
        104, 105, 106, 107, 108,                                                                                                // JUMP_UP_DROP_A_SEQ
        104, 105, 106, 107, 108,                                                                                                // JUMP_UP_DROP_B_SEQ
        104, 105, 106, 107, 108,                                                                                                // JUMP_UP_DROP_C_SEQ
        75, 76, 77, 78, 79, 80, 81, 82, 83, 84, 85, 86, 87, 88, 89,                                                             // STEP_CLIMBING_SEQ
        109, 110, 111, 112, 113, 114, 115, 116, 117, 118, 119, 120,                                                             // CROUCH_STAND_SEQ
        110, 111, 112, 113, 112, 111, 110,                                                                                      // CROUCH_HOP_SEQ
        75, 76, 77, 78, 79, 78, 77, 76, 75,                                                                                     // STEP_CLIMBINB_BLOCK_SEQ
        127, 128, 129, 130, 131, 132, 133, 134, 135, 136, 137, 138, 139, 140, 141,                                              // DRINK_TONIC_SMALL_SEQ
        127, 128, 129, 130, 131, 132, 133, 134, 135, 136, 137, 138, 139, 140, 141,                                              // DRINK_TONIC_LARGE_SEQ
        127, 128, 129, 130, 131, 132, 133, 134, 135, 136, 137, 138, 139, 140, 141,                                              // DRINK_TONIC_POISON_SEQ
        127, 128, 129, 130, 131, 132, 133, 134, 135, 136, 137, 138, 139, 140, 141,                                              // DRINK_TONIC_FLOAT_SEQ
        125, 126,                                                                                                               // FALLING_INJURED_SEQ
        125, 126, 142,                                                                                                          // FALLING_DEAD_SEQ
        14,                                                                                                                     // RUN_REPEAT_8_END_SEQ
        143, 144, 145, 145, 145, 146, 147, 148, 149, 150, 151, 152, 153, 154, 155, 156,                                         // PICKUP_SWORD_SEQ
        121, 122, 123, 124, 125, 126,                                                                                           // FALLING_STEPWALKRUN_P0_4_8_SEQ
        121, 122, 123, 124, 125, 126,                                                                                           // FALLING_STEPWALKRUN_P1_5_9_SEQ
        121, 122, 123, 124, 125, 126,                                                                                           // FALLING_STEPWALKRUN_P2_10_SEQ
        121, 122, 123, 124, 125, 126,                                                                                           // FALLING_STEPWALKRUN_P3_7_11_SEQ
        121, 122, 123, 124, 125, 126,                                                                                           // FALLING_STEPWALKRUN_P6_SEQ
        125, 125, 125, 125, 125, 125,                                                                                           // FALLING_DOWN_P2_SEQ
        125, 125, 125, 125, 125, 125,                                                                                           // FALLING_DOWN_P1_SEQ
        125, 125, 125, 125, 125, 125,                                                                                           // FALLING_DOWN_P0_SEQ
        125, 125, 125, 125, 125, 125,                                                                                           // FALLING_DOWN_M1_SEQ
        125, 125, 125, 125, 125, 125,                                                                                           // FALLING_DOWN_M2_SEQ
        157, 158, 159, 160, 161, 162, 163, 164, 165, 166, 167, 168, 168, 0,                                                     // LEAVE_GATE_SEQ
        126, 126, 126, 126, 126,                                                                                                // COLLIDE_WALL_SEQ
        125, 125, 125, 125, 125, 125,                                                                                           // VER_ADJUSTMENTS_SEQ
        90, 91, 92, 93, 94, 95, 96, 97, 98, 99, 100, 101, 196, 197, 198, 199, 106, 107, 108,                                    // JUMP_UP_DROP_HIDEHANDS_SEQ
        174,                                                                                                                    // SWORD_NORMAL_SEQ
        175, 176, 177, 178, 179, 180,                                                                                           // DRAW_SWORD_SEQ
        181, 182, 183,                                                                                                          // SWORD_STEP_SEQ
        186, 187, 188, 189, 190, 191, 192, 193,                                                                                 // SWORD_ATTACK_SEQ
        194, 195, 194,                                                                                                          // ATTACK_BLOCK_SEQ
        126, 142,                                                                                                               // FALLING_DEAD_BLADE_SEQ
        15, 15, 15, 15, 15, 15, 15, 15,                                                                                         // DELAY_SEQ
        125, 125, 125, 125, 125, 103,                                                                                           // STRAIGHT_DROP_HANGON_SEQ
    };

    int8_t Stance_XYOffsetsFX[] = {;

        0,0, 0,0, 0,0,                                                                                                          // CROUCH_OFFSETS
        0,0, 1,0, 1,0, 1,0, 2,0, 2,0,                                                                                           // RUN_START_OFFSETS
        3,0, 3,0, 3,0, 3,0, 3,0, 3,0, 3,0, 3,0,                                                                                 // RUN_REPEAT_OFFSETS
        0,0,                                                                                                                    // UPRIGHT_OFFSETS
        0,0, 0,0, 0,0, -1,0, -1,0, 0,0, 0,0, 0,0, 0,0, 1,0, 1,0, 0,0, 0,0, 0,0,                                                 // JUMP_UP_A_OFFSETS
        0,0, 0,0, 0,0, 0,0, 0,0, 0,0, 0,0, 0,0, 0,0, -1,0, -1,0, -1,0, -1,0, 0,0,                                               // JUMP_UP_B_OFFSETS
        0,0, 0,0, 2,0, -1,0, -1,0,                                                                                              // STANDING_TURN_OFFSETS
        0,0, 3,0, -3,0, -1,0, 1,0, 0,0, 0,0, 0,0, 0,0, 0,0, -1,0, 1,0, 0,0,                                                     // RUNNING_TURN_OFFSETS
        0,0, 0,0, 2,0, 2,0, 2,0, 2,0, 2,0, 3,0, 3,0, 3,0, 3,0, 4,0, 2,0, 2,0, 2,0, 2,0, 1,0, 1,0,                               // STANDING_JUMP_36_OFFSETS
        0,0, 0,0, 2,0, 2,0, 3,0, 4,0, 2,0, 3,0, 3,0, 3,0, 3,0, 3,0, 2,0, 1,0, 1,0, 0,0,                                         // STANDING_JUMP_32_OFFSETS
        0,0, 0,0, 2,0, 2,0, 2,0, 3,0, 3,0, 3,0, 3,0, 3,0, 3,0, 2,0, 2,0, 0,0, 0,0, 0,0,                                         // STANDING_JUMP_28_OFFSETS
        0,0, 0,0, 2,0, 2,0, 2,0, 2,0, 1,0, 2,0, 2,0, 3,0, 3,0, 2,0, 1,0, 1,0, 1,0, 0,0,                                         // STANDING_JUMP_24_OFFSETS
        0,0, 0,0, 2,0, 2,0, 2,0, 1,0, 1,0, 2,0, 2,0, 2,0, 2,0, 1,0, 1,0, 1,0, 1,0, 0,0,                                         // STANDING_JUMP_20_OFFSETS
        0,0, 0,0, 2,0, 2,0, 2,0, 3,0, 4,0, 4,0, 3,0, 2,0, 6,6, 3,5, 3,5, 3,5, 2,5, 1,5,                                         // STANDING_JUMP_DL_40_OFFSETS
        0,0, 0,0, 2,0, 2,0, 2,0, 2,0, 3,0, 3,0, 2,0, 2,0, 6,6, 3,5, 3,5, 3,5, 2,5, 1,5,                                         // STANDING_JUMP_DL_36_OFFSETS
        0,0, 0,0, 2,0, 2,0, 2,0, 2,0, 2,0, 3,0, 4,1, 4,1, 8,3, 4,4, 2,4, 1,4, 1,4, 1,4, 1,3, 1,3,                               // STANDING_JUMP_GL_40_OFFSETS
        0,0, 0,0, 2,0, 2,0, 2,0, 2,0, 2,0, 3,0, 3,1, 3,1, 7,3, 3,4, 2,4, 1,4, 1,4, 1,4, 1,3, 1,3,                               // STANDING_JUMP_GL_36_OFFSETS
        0,0, 0,0, 2,0, 2,0, 2,0, 2,0, 2,0, 2,0, 3,1, 4,1, 6,3, 3,4, 2,4, 1,4, 1,4, 0,4, 0,3, 0,3,                               // STANDING_JUMP_GL_32_OFFSETS
        0,0, 0,0, 2,0, 2,0, 2,0, 2,0, 2,0, 2,0, 3,1, 3,1, 6,3, 3,4, 1,4, 0,4, 0,4, 0,4, 0,3, 0,3,                               // STANDING_JUMP_GL_28_OFFSETS
        2,0, 3,0, 4,0, 4,0, 5,0, 6,0, 6,0, 6,-2, 5,0, 3,1, 2,1,                                                                 // RUNNING_JUMP_OFFSETS
        5,0, 5,0, 5,0, 5,-2, 6,-2, 5,3, 2,1,                                                                                    // RUNNING_JUMP_SHORT_2_OFFSETS
        6,0, 6,0, 6,0, 6,-2, 6,-2, 5,3, 2,1,                                                                                    // RUNNING_JUMP_SHORT_6_OFFSETS
        2,0, 3,0, 4,-3, 3,3, 2,0, 1,0, 0,0, 1,0,                                                                                // RUNNING_JUMP_1_2_OFFSETS
        2,0, 3,0, 3,0, 4,-3, 3,3, 2,0, 2,0, 0,0, 1,0,                                                                           // RUNNING_JUMP_1_6_OFFSETS
        2,0, 3,0, 3,0, 3,0, 4,-3, 3,3, 3,0, 2,0, 0,0, 1,0,                                                                      // RUNNING_JUMP_1_10_OFFSETS
        3,0, 3,0, 4,0, 4,-2, 5,-2, 4,3, 2,1,                                                                                    // RUNNING_JUMP_2_2_OFFSETS
        4,0, 4,0, 5,0, 5,-2, 5,-2, 4,3, 2,1,                                                                                    // RUNNING_JUMP_2_6_OFFSETS
        4,0, 5,0, 6,0, 6,-2, 6,-2, 4,3, 2,1,                                                                                    // RUNNING_JUMP_2_10_OFFSETS
        3,0, 3,0, 3,0, 3,0, 4,-2, 4,-1, 3,3, 3,2, 2,4, 2,5, 2,5, 2,5, 2,5, 1,5,                                                 // RUNNING_JUMP_2_DROPLVL_OFFSETS
        3,0, 3,0, 3,0, 3,0, 4,-2, 4,-1, 4,3, 4,2, 4,4, 4,5, 3,5, 2,5, 2,5, 2,5,                                                 // RUNNING_JUMP_2_DROPLVL_10_OFFSETS
        4,0, 5,0, 4,0, 4,-2, 4,0, 3,-2, 3,3, 2,1,                                                                               // RUNNING_JUMP_3_2_OFFSETS
        4,0, 5,0, 5,0, 5,-2, 4,0, 4,-2, 4,3, 2,1,                                                                               // RUNNING_JUMP_3_6_OFFSETS
        5,0, 6,0, 6,0, 6,-2, 6,0, 5,-2, 4,3, 2,1,                                                                               // RUNNING_JUMP_3_10_OFFSETS
        3,0, 3,0, 3,0, 3,0, 4,-2, 4,-1, 4,3, 4,2, 4,4, 4,5, 3,5, 2,5, 2,5, 2,5,                                                 // RUNNING_JUMP_3_DROPLVL_OFFSETS
        3,0, 3,0, 3,0, 3,0, 4,-2, 5,-1, 5,3, 5,2, 5,4, 4,5, 3,5, 2,5, 2,5, 2,5,                                                 // RUNNING_JUMP_3_DROPLVL_10_OFFSETS
        3,0, 3,0, 3,0, 4,0, 4,-2, 4,-1, 4,3, 4,2, 7,3, 4,4, 3,4, 1,4, 1,4, 1,4, 1,3, 1,3,                                       // RUNNING_JUMP_4_GL_2_OFFSETS
        3,0, 3,0, 3,0, 4,0, 5,-2, 5,-1, 5,3, 5,2, 7,3, 4,4, 3,4, 1,4, 1,4, 1,4, 1,3, 1,3,                                       // RUNNING_JUMP_4_GL_6_OFFSETS
        3,0, 3,0, 3,0, 4,0, 5,-2, 6,-1, 6,3, 6,2, 7,3, 5,4, 3,4, 1,4, 1,4, 1,4, 1,3, 1,3,                                       // RUNNING_JUMP_4_GL_10_OFFSETS
        3,0, 3,0, 4,0, 4,0, 5,-2, 5,-1, 6,3, 6,2, 7,5, 4,5, 3,5, 3,5, 3,5, 2,4,                                                 // RUNNING_JUMP_4_DROPLVL_OFFSETS
        3,0, 3,0, 4,0, 5,0, 5,-2, 6,-1, 7,3, 7,3, 7,6, 4,6, 3,6, 3,5, 3,5, 2,5,                                                 // RUNNING_JUMP_4_DROPLVL_10_OFFSETS
        1,0, 1,0, 1,0, 1,0, 1,0, 1,0, 1,0, 1,0,                                                                                 // SINGLE_STEP_OFFSETS
        0,0, 0,0, 0,0, 0,0, 0,0,                                                                                                // STOPPING_OFFSETS
        0,0, 0,0, 0,0, -1,-1, 0,0, 0,0, 0,0, 0,-1, 1,1, 0,0, 1,0, 0,0, 0,0, 0,0, 0,0,                                           // CLIMBING_OFFSETS
        1,0, 1,0, 1,0, 1,0, 0,0, 0,0,                                                                                           // SMALL_STEP_OFFSETS
        0,0, 0,0, 0,0, 0,0, 0,0,                                                                                                // JUMP_UP_DROP_A_OFFSETS
        1,0, 1,0, 1,0, 1,0, 0,0,                                                                                                // JUMP_UP_DROP_B_OFFSETS
        0,6, 0,6, 0,6, 0,6, 0,7,                                                                                                // JUMP_UP_DROP_C_OFFSETS
        0,-4, 0,-4, 0,-2, 0,-3, 0,-3, 0,-3, 0,-4, 0,-4, 0,-1, 1,-1, 1,0, 0,-1, 1,-1, 1,0, 0,0,                                  // STEP_CLIMBING_OFFSETS
        0,0, 0,0, 0,0, 0,0, 0,0, 0,0, 0,0, 0,0, 0,0, 0,0, 0,0, 0,0,                                                             // CROUCH_STAND_OFFSETS
        0,0, 1,0, 1,0, 1,0, 1,0, 0,0, 0,0,                                                                                      // CROUCH_HOP_OFFSETS
        0,-4, 0,-4, 0,-2, 0,-3, 0,0, 0,3, 0,2, 0,4, 0,4,                                                                        // STEP_CLIMBINB_BLOCK_OFFSETS
        0,0, 0,0, 0,0, 0,0, 0,0, 0,0, 0,0, 0,0, 0,0, 0,0, 0,0, 0,0, 0,0, 0,0, 0,0,                                              // DRINK_TONIC_SMALL_OFFSETS
        0,0, 0,0, 0,0, 0,0, 0,0, 0,0, 0,0, 0,0, 0,0, 0,0, 0,0, 0,0, 0,0, 0,0, 0,0,                                              // DRINK_TONIC_LARGE_OFFSETS
        0,0, 0,0, 0,0, 0,0, 0,0, 0,0, 0,0, 0,0, 0,0, 0,0, 0,0, 0,0, 0,0, 0,0, 0,0,                                              // DRINK_TONIC_POISON_OFFSETS
        0,0, 0,0, 0,0, 0,0, 0,0, 0,0, 0,0, 0,0, 0,0, 0,0, 0,0, 0,0, 0,0, 0,0, 0,0,                                              // DRINK_TONIC_FLOAT_OFFSETS
        0,0, 0,0,                                                                                                               // FALLING_INJURED_OFFSETS
        0,0, 0,0, 0,0,                                                                                                          // FALLING_DEAD_OFFSETS
        4,0,                                                                                                                    // RUN_REPEAT_8_END_OFFSETS
        0,0, 0,0, 0,0, 0,0, 0,0, 0,0, 0,0, 0,0, 0,0, 0,0, 0,0, 0,0, 0,0, 0,0, 0,0, 0,0,                                         // PICKUP_SWORD_OFFSETS
        2,6, 2,5, 1,5, 1,5, 0,5, 0,5,                                                                                           // FALLING_STEPWALKRUN_P0_4_8_OFFSETS
        2,6, 2,5, 2,5, 1,5, 0,5, 0,5,                                                                                           // FALLING_STEPWALKRUN_P1_5_9_OFFSETS
        2,6, 2,5, 2,5, 1,5, 1,5, 0,5,                                                                                           // FALLING_STEPWALKRUN_P2_10_OFFSETS
        2,6, 2,5, 2,5, 2,5, 1,5, 0,5,                                                                                           // FALLING_STEPWALKRUN_P3_7_11_OFFSETS
        2,6, 1,5, 1,5, 0,5, 0,5, 0,5,                                                                                           // FALLING_STEPWALKRUN_P6_OFFSETS
        0,6, 1,5, 0,5, 1,5, 0,5, 0,5,                                                                                           // FALLING_DOWN_P2_OFFSETS
        0,6, 0,5, 0,5, 1,5, 0,5, 0,5,                                                                                           // FALLING_DOWN_P1_OFFSETS
        0,6, 0,5, 0,5, 0,5, 0,5, 0,5,                                                                                           // FALLING_DOWN_P0_OFFSETS
        0,6, 0,5, -1,5, 0,5, 0,5, 0,5,                                                                                          // FALLING_DOWN_M1_OFFSETS
        0,6, -1,5, 0,5, -1,5, 0,5, 0,5,                                                                                         // FALLING_DOWN_M2_OFFSETS
        0,0, 1,0, 2,-1, 2,-1, 2,-1, 1,-1, 1,-1, 1,-1, 1,-1, 1,-1, 1,-2, 0,-3, 0,0, 0,0,                                         // LEAVE_GATE_OFFSETS
        2,0, 1,0, 0,0, -1,0, -2,0,                                                                                              // COLLIDE_WALL_OFFSETS
        0,1, 0,2, 0,3, 0,4, 0,5, 0,6,                                                                                           // VER_ADJUSTMENTS_OFFSETS
        0,0, 0,0, 0,0, -1,0, -1,0, 0,0, 0,0, 0,0, 0,0, 1,0, 1,0, 0,0, 0,0, 0,0, 0,0, 0,0, 0,0, 0,0, 0,0,                        // JUMP_UP_DROP_HIDEHANDS_OFFSETS
        0,0,                                                                                                                    // SWORD_NORMAL_OFFSETS
        0,0, 0,0, 0,0, 0,0, 0,0, 0,0,                                                                                           // DRAW_SWORD_OFFSETS
        3,0, 1,0, 0,0,                                                                                                          // SWORD_STEP_OFFSETS
        2,0, 1,0, 2,0, 2,0, -3,0, -3,0, -1,0, 0,0,                                                                              // SWORD_ATTACK_OFFSETS
        0,0, 1,0, -1,0,                                                                                                         // ATTACK_BLOCK_OFFSETS
        0,0, 0,0,                                                                                                               // FALLING_DEAD_BLADE_OFFSETS
        0,0, 0,0, 0,0, 0,0, 0,0, 0,0, 0,0, 0,0,                                                                                 // DELAY_OFFSETS
        0,6, 0,5, 0,5, 0,5, 0,5, 0,5,                                                                                           // STRAIGHT_DROP_HANGON_OFFSETS
    };

namespace_end
