namespace Sounds {

    const uint16_t Dead[] = {
        262,150, 294,150, 311,150, 370,225, 0,225, 311,150, 294,675,
        32768
    };

    const uint16_t Grab1[] = {
        494,125, 440,125, 494,375, 370,375, 440,375, 494,375, 523,625, 494,500,
        440,375, 494,750,
        32768
    };

    const uint16_t Grab2[] = {
        988,150, 1047,150, 1245,150, 1319,150, 1245,300, 1047,300, 988,300, 1480,300,
        1568,300, 1865,825,
        32768
    };

    const uint16_t Grab3[] = {
        1760,319, 1661,79, 1760,79, 1661,79, 1397,319, 1175,319, 1319,319, 932,319,
        880,558, 0,159, 1109,79, 1319,79, 1397,79, 1760,877,
        32768
    };

    const uint16_t Grab4[] = {
        659,300, 698,300, 831,300, 880,300, 831,300, 698,75, 831,75, 698,75,
        659,375, 1319,300, 1245,300, 1047,300, 988,300, 880,75, 988,75, 880,75,
        831,300, 698,75, 831,75, 698,75, 659,750,
        32768
    };

    const uint16_t Seque[] = {
        1480,296, 1397,98, 1480,98, 1397,98, 1175,296, 1109,296, 1175,296, 988,296,
        1109,296, 1175,296, 1397,296, 1480,296, 1568,296, 1397,296, 1480,296, 1175,296,
        1109,296, 988,296, 932,98, 988,98, 932,98, 988,98, 932,98, 988,98,
        932,98, 988,98, 932,98, 988,98, 932,98, 988,493,
        32768
    };

    const uint16_t Tada[] = {
        3136,136, 2960,136, 2349,136, 2218,136, 0,204, 1976,136, 2218,613,
        32768
    };

    const uint16_t Theme[] = {
        392,319, 196,79, 0,239, 196,79, 0,319, 196,79, 0,79, 196,319,
        415,239, 494,159, 523,159, 494,159, 415,159, 392,319, 196,79, 0,239,
        196,79, 0,319, 196,79, 0,79, 196,558, 494,558, 523,398, 208,79,
        0,239, 208,79, 0,319, 208,79, 0,79, 208,319, 587,239, 622,159,
        740,159, 622,159, 587,159, 523,159, 0,239, 587,159, 494,398, 196,79,
        0,239, 196,79, 0,319, 196,79, 0,79, 196,558, 587,638, 1175,1515,
        1245,239, 1480,159, 1568,159, 1480,159, 1245,159, 1175,1675, 0,79, 1480,558,
        1568,1595, 1760,239, 1865,159, 2218,159, 1865,159, 1760,159, 1568,159, 0,239,
        1760,159, 1480,1196, 0,79, 1175,1196, 392,319, 196,79, 0,239, 196,79,
        0,319, 196,79, 0,79, 196,319, 415,239, 494,159, 523,159, 494,159,
        415,159, 392,319, 196,79, 0,239, 196,79, 0,319, 196,79, 0,79,
        196,558, 494,558, 523,398, 208,79, 0,239, 208,79, 0,319, 208,79,
        0,79, 208,319, 587,239, 622,159, 740,159, 622,159, 587,159, 523,159,
        0,239, 587,159, 494,398, 196,79, 0,239, 196,79, 0,319, 196,79,
        0,79, 196,558, 147,638,
        32769
    };

    const uint16_t Triumph[] = {
        988,136, 1047,136, 988,136, 932,136, 988,136, 0,136, 1319,818,
        32768
    };

    // Victory - at game end.
    const uint16_t Victory[] = {
        0,62, 587,312, 0,125, 587,62, 0,62, 587,62, 0,250, 784,687,
        0,125, 740,562, 0,187, 622,312, 0,125, 622,62, 0,62, 622,62,
        0,250, 880,687, 0,125, 784,562, 0,187, 740,312, 0,125, 784,62,
        0,62, 880,62, 0,250, 1175,1562,
        0x8000
    };

    // Ending
    const uint16_t Ending[] = {
        349,500, 440,500, 466,500, 523,500, 554,500, 1397,500, 1319,500, 1109,166,
        1319,166, 1109,166, 349,500, 440,500, 466,500, 523,500, 554,500, 932,500,
        880,500, 740,500, 349,500, 440,500, 466,500, 523,500, 554,500, 1397,500,
        1319,500, 1109,166, 1319,166, 1109,166, 349,500, 440,500, 466,500, 523,500,
        554,500, 659,500, 698,500, 494,500, 523,500, 659,500, 698,500, 784,500,
        831,500, 2093,500, 1976,500, 1661,166, 1976,166, 1661,166, 523,500, 659,500,
        698,500, 784,500, 831,500, 1397,500, 1319,500, 1109,500, 523,500, 659,500,
        698,500, 784,500, 831,500, 2093,500, 1976,500, 1661,166, 1976,166, 1661,166,
        523,500, 659,500, 698,500, 784,500, 831,500, 988,500, 1047,500, 1319,1833,
        175,166, 2794,250, 2960,250, 3520,250, 185,166, 0,83, 3520,250, 2960,250,
        2794,250, 220,166, 0,83, 3520,250, 3729,250, 4435,250, 4186,250, 3729,83,
        4186,83, 3729,83, 3520,250, 2794,250, 262,166, 0,83, 2093,250, 1865,250,
        1760,250, 277,166, 0,83, 1480,250, 1397,250, 1319,250, 1397,250, 349,250,
        440,250, 466,250, 523,250, 554,250, 659,250, 698,250, 349,166, 0,83,
        1397,250, 1480,250, 1760,250, 370,166, 0,83, 1760,250, 1480,250, 1397,250,
        440,166, 0,83, 1760,250, 1865,250, 2218,250, 2093,250, 1865,83, 2093,83,
        1865,83, 1760,250, 1397,250, 523,166, 0,83, 1047,250, 932,250, 880,250,
        554,166, 0,83, 740,250, 698,250, 659,250, 698,250, 349,250, 440,250,
        466,250, 523,250, 554,250, 659,250, 698,250, 659,83, 698,83, 659,83,
        554,333, 523,333, 440,333, 466,333, 370,500, 330,666, 349,1333,
        0x8000
    };

    const uint16_t OutOfTime[] = {
        294,375, 0,468, 294,93, 0,187, 294,375, 0,468, 147,281, 294,375,
        0,375, 311,281, 370,281, 392,281, 370,281, 311,187, 370,187, 311,187,
        294,1312,
        0x8000
    };

}
namespace_end
